[48;2;0;0;0m[38;2;255;0;0m
========================================
            ACCESS DENIED                   
========================================         
[38;2;0;0;0m
████████[38;2;36;36;0m████████████████████████[38;2;0;0;0m████████
████[38;2;34;17;0m██[38;2;51;32;6m██[38;2;53;34;7m████████████████████████[38;2;51;33;5m██[38;2;34;17;0m██[38;2;0;0;0m████
██[38;2;34;17;0m██[38;2;53;33;6m██[38;2;52;33;6m██[38;2;53;34;7m████████████████████████[38;2;52;33;6m██[38;2;53;33;6m██[38;2;32;16;0m██[38;2;0;0;0m██
██[38;2;51;32;6m██[38;2;52;33;6m██[38;2;53;34;7m████████████████████████████[38;2;53;34;6m██[38;2;32;16;0m██[38;2;0;0;0m██
[38;2;36;36;0m██[38;2;53;34;7m████████████████████████████████[38;2;53;34;6m██[38;2;32;16;0m██[38;2;0;0;0m██
[38;2;36;36;0m██[38;2;53;34;7m████████████████████████████████[38;2;53;34;6m██[38;2;32;16;0m██[38;2;0;0;0m██
[38;2;36;36;0m██[38;2;53;34;7m████████████████████████████████[38;2;53;34;6m██[38;2;32;16;0m██[38;2;0;0;0m██
[38;2;51;0;0m██[38;2;52;32;6m██[38;2;52;33;6m██[38;2;53;34;7m██████████████[38;2;67;46;17m██[38;2;68;47;18m████[38;2;67;47;17m██[38;2;55;36;8m██[38;2;53;34;7m████[38;2;53;34;6m██[38;2;32;16;0m██[38;2;0;0;0m██
██[38;2;34;17;0m██[38;2;53;34;6m██[38;2;53;34;7m████████████[38;2;59;40;11m██[38;2;199;162;118m██[38;2;208;170;124m████[38;2;203;166;120m██[38;2;78;56;26m██[38;2;53;34;7m████[38;2;53;34;6m██[38;2;32;16;0m██[38;2;0;0;0m██
██[38;2;34;17;0m██[38;2;53;34;6m██[38;2;53;34;7m██[38;2;59;41;15m██[38;2;58;41;15m██[38;2;50;41;15m██[38;2;51;41;15m██[38;2;59;40;11m██[38;2;66;45;16m██[38;2;199;163;118m██[38;2;208;170;124m██[38;2;199;171;127m██[38;2;194;167;124m██[38;2;82;62;34m██[38;2;59;41;15m██[38;2;53;34;7m██[38;2;53;34;6m██[38;2;32;16;0m██[38;2;0;0;0m██
██[38;2;34;17;0m██[38;2;53;34;6m██[38;2;61;43;18m██[38;2;193;192;191m██[38;2;176;201;201m██[38;2;14;196;201m██[38;2;21;192;193m██[38;2;199;162;118m██[38;2;199;163;118m██[38;2;207;169;123m██[38;2;208;170;124m██[38;2;31;199;199m██[38;2;16;202;208m██[38;2;169;202;202m██[38;2;195;195;193m██[38;2;69;53;29m██[38;2;53;34;6m██[38;2;32;16;0m██[38;2;0;0;0m██
██[38;2;34;17;0m██[38;2;53;34;6m██[38;2;62;45;19m██[38;2;201;202;201m██[38;2;183;210;213m██[38;2;12;205;213m██[38;2;20;201;204m██[38;2;208;170;124m████████[38;2;22;201;203m██[38;2;6;205;213m██[38;2;175;210;213m██[38;2;203;204;204m██[38;2;71;54;30m██[38;2;53;34;6m██[38;2;32;16;0m██[38;2;0;0;0m██
██[38;2;34;17;0m██[38;2;53;34;6m██[38;2;62;45;19m██[38;2;201;202;201m██[38;2;183;210;213m██[38;2;12;205;213m██[38;2;20;201;204m██[38;2;208;170;124m████████[38;2;22;201;203m██[38;2;6;205;213m██[38;2;175;210;213m██[38;2;203;204;204m██[38;2;71;54;30m██[38;2;53;34;6m██[38;2;32;16;0m██[38;2;0;0;0m██
██[38;2;34;17;0m██[38;2;57;38;9m██[38;2;66;48;22m██[38;2;201;201;199m██[38;2;183;209;210m██[38;2;18;204;210m██[38;2;25;200;201m██[38;2;208;170;124m████████[38;2;27;200;201m██[38;2;12;204;210m██[38;2;175;209;210m██[38;2;203;203;202m██[38;2;75;57;33m██[38;2;57;38;9m██[38;2;48;32;0m██[38;2;0;0;0m██
██[38;2;170;136;85m██[38;2;182;147;104m██[38;2;183;149;106m██[38;2;206;175;136m██[38;2;203;176;138m██[38;2;175;175;138m██[38;2;176;175;137m██[38;2;208;170;124m████████[38;2;177;175;137m██[38;2;174;175;138m██[38;2;202;176;138m██[38;2;207;175;137m██[38;2;185;150;108m██[38;2;182;147;104m██[38;2;175;143;96m██[38;2;0;0;0m██
██[38;2;204;170;119m██[38;2;208;170;123m██[38;2;208;170;124m████████████████████████████[38;2;208;170;123m██[38;2;207;175;112m██[38;2;0;0;0m██
██[38;2;204;170;119m██[38;2;208;170;123m██[38;2;208;170;124m████████████[38;2;204;168;122m██[38;2;133;132;103m██[38;2;129;130;103m██████[38;2;129;166;140m██[38;2;129;182;157m████[38;2;128;183;157m██[38;2;20;199;202m██[38;2;0;170;255m██
[38;2;0;0;0m██[38;2;204;170;119m██[38;2;207;170;123m██[38;2;208;170;123m████████████[38;2;199;165;121m██[38;2;10;73;70m██[38;2;0;68;68m██████[38;2;0;163;169m██[38;2;0;205;213m██████[38;2;0;205;214m██[38;2;0;198;198m██
[38;2;0;0;0m████[38;2;207;159;112m██[38;2;207;175;112m████████████[38;2;122;133;102m██[38;2;0;68;68m████████[38;2;0;164;169m██[38;2;0;205;214m██████[38;2;0;206;213m██[38;2;0;223;223m██
[38;2;0;0;0m████████████████████[38;2;0;64;64m██[38;2;0;57;57m██████[38;2;0;142;142m██[38;2;0;198;198m██████[38;2;0;223;223m██[38;2;0;0;0m██